limited max thickness ln(evidence):
-886.4932383332437
-257.2096590236054
-60.635656577496654
-681.0912298258994
-172.92482398619418
-10.110825225586273
40.71526016826861
-114.35333093091063
-58.25286210097383
17.723082482598887
42.352285684005714
-26.065555798391184
-27.517743504640766
17.92008799467602
34.42642568414391
-4.138484508835823

not limited max thickness ln(evidence):
-885.9481421960375
-256.91732197488176
-61.157452969393304
-681.437417864298
-173.1017708378651
-10.582653522585327
41.01100047884921
-114.47440075640644
-58.693272706038876
17.53297186821069
42.470821909647526
-26.072821132551084
-27.817060541649052
17.912458039266966
34.32935903237715
-4.308020449081692
