limited max thickness ln(evidence):
-886.2338759719516
-256.8224918348395
-61.03303894872692
-682.6266779760213
-173.0746737843894
-10.302971524391873
40.878851270732426
-114.4072512583621
-58.64780510695973
17.468412975171937
42.341773042336406
-26.07731100106868
-27.701438332130166
17.923427521647163
34.37910322948846
-4.680316380923956

not limited max thickness ln(evidence):
-886.3654858783067
-256.92328393233277
-61.02068196011918
-681.4610409074794
-173.05969495127744
-10.485837192186086
40.75223150230152
-114.68229572753494
-58.44818983219997
17.37091701476931
42.5108219989175
-26.765799975725457
-27.847024452945774
17.7413881949897
34.524598968004895
-4.491294767664335
